image: ./map_turtle_final.pgm
resolution: 0.0075
origin: [-0.775000, -0.940000, 0.000000]
negate: 0
occupied_thresh: 0.65
free_thresh: 0.196
